<?xml version="1.0"?>
<opencv_storage>
<K type_id="opencv-matrix">
  <rows>3</rows>
  <cols>3</cols>
  <dt>d</dt>
  <data>
    7.0424945444991499e+02 0. 2.8035396913218835e+02 0.
    6.9896472232651024e+02 2.3373400170567601e+02 0. 0. 1.</data></K>
<d type_id="opencv-matrix">
  <rows>1</rows>
  <cols>5</cols>
  <dt>d</dt>
  <data>
    2.5432953861499258e-01 -5.8481797342726261e-01
    -9.7755009212097837e-04 -2.9062089311574019e-02
    3.1200641998405720e-01</data></d>
<R type_id="opencv-matrix">
  <rows>79</rows>
  <cols>1</cols>
  <dt>"3d"</dt>
  <data>
    -2.2195613539884236e+00 -2.2254950960683764e+00
    -2.9343361864845586e-02 -2.2119221224073220e+00
    -2.2147558119728177e+00 1.8303954687374231e-02
    -2.2064228718085195e+00 -2.2215429000869875e+00
    6.9388861455485451e-02 -2.2119815571945649e+00
    -2.2141340486447292e+00 4.1209988710855294e-02
    -2.2176844430631695e+00 -2.2205972188363998e+00
    2.0159452808598845e-02 -2.1955002193791517e+00
    -2.2192120974459670e+00 4.9921140325848566e-02
    -2.2026413780606253e+00 -2.2157478383631286e+00
    1.0386303853401465e-02 -2.2150839291227991e+00
    -2.2362600382021434e+00 6.8157154780641493e-02
    2.2138583181415039e+00 2.2199840430199425e+00
    -3.3776447097615514e-02 -2.2220909816573045e+00
    -2.2291417012365651e+00 9.1502440052719097e-03
    2.1165553406599251e+00 2.2022630292221788e+00
    -2.6255411151798214e-01 2.0181171522358992e+00
    2.1753170436501241e+00 -2.5510563421145588e-01
    2.0709753874037338e+00 2.2381319561277140e+00
    -1.7386602766884826e-01 2.0911398913486039e+00
    2.2618909277421171e+00 -2.1308394103589010e-01
    2.1010383316860772e+00 2.2501199726669818e+00
    -2.6310858086639782e-01 2.1119953913863627e+00
    2.2314119216928368e+00 -2.4074028457525173e-01
    2.1330346986643245e+00 2.2530421153499582e+00
    -2.5526684680132899e-01 2.1204587602901421e+00
    2.2317108676498481e+00 -2.4663709413764903e-01
    2.1128360276286018e+00 2.2355672079883488e+00
    -2.3822807386286035e-01 2.0905469387431022e+00
    2.2008188884913826e+00 -3.1821859396788987e-01
    -2.1829636918410830e-01 -2.9455171363491393e+00
    1.9209081512148035e-01 -2.4131844846640771e-01
    -2.9474641226650777e+00 1.1378477453910560e-01
    -2.4194262413056733e-01 -2.9565036357518566e+00
    1.0114126844726007e-01 -2.3960654394502909e-01
    -2.9461367499560533e+00 1.0064936792212537e-01
    -2.3803090728595611e-01 -2.9407538042452672e+00
    1.1941564869348875e-01 -2.3818635848529635e-01
    -2.9411711473184630e+00 1.0298906404121795e-01
    -2.2952109567675111e-01 -2.9340161396853865e+00
    9.9135392275805534e-02 -2.4858888451470232e-01
    -2.8828122219297243e+00 1.0087022969444656e-01
    -3.0962595202775944e-01 -2.7127103090267668e+00
    -1.6517549723819250e-01 -4.1383712127441497e-01
    -2.6957483483115108e+00 -3.6112645477577726e-01
    -3.4115911688010131e-01 -2.7774888795756558e+00
    -3.8627226223158256e-01 -3.4527381273603275e-01
    -2.8027097805344403e+00 -3.7164902036289932e-01
    -3.4148798756715371e-01 -2.7935655394412708e+00
    -3.1780817311126736e-01 -3.6796932032060614e-01
    -2.8304376105604252e+00 -2.9184651172787363e-01
    -3.8040936050932428e-01 -2.8294824908359426e+00
    -2.7914967747857095e-01 -3.9520680833183952e-01
    -2.8642371429125886e+00 -2.4933891220722718e-01
    -3.3648643281956986e-01 -2.8045676786737368e+00
    -3.6161162896058904e-02 -1.9305202780603243e+00
    -2.1383559916943868e+00 2.4215101400172220e-01
    4.7204907835799209e-01 2.9645460048725929e+00 2.1040976393045047e-01
    3.9085424465712715e-01 2.8978559161647568e+00 2.5544948461168421e-01
    3.4079367436673702e-01 2.9404409686189790e+00 1.9758126764818007e-01
    3.1310393964490169e-01 2.9169279297575836e+00 1.7383172554856693e-01
    2.9826393764488396e-01 2.9122424358785257e+00 1.4312002270625776e-01
    2.9186427945955240e-01 2.9133801897161336e+00 1.3883297141779366e-01
    2.8732100848344583e-01 2.9344971536252817e+00 1.3488846195771720e-01
    2.8486484358719366e-01 2.9408253796851387e+00 1.3794086755091614e-01
    2.9002824840116048e-01 2.9380697380168539e+00 1.3578974974243954e-01
    2.9812864353846030e-01 2.8844958893967849e+00 1.0799012470150179e-01
    1.7765518552369716e-01 2.7988600872200848e+00 1.0275149646030753e-01
    1.5323348243882265e-01 2.8383384437072787e+00 7.7282879317402589e-02
    1.1263107601425776e-01 2.8072213285111105e+00 1.3338580006265241e-01
    7.7783669122514304e-02 2.8505853324540609e+00 4.9767548125493061e-01
    -2.0199559851611943e+00 -1.9295286346877223e+00
    -1.2944943240010951e+00 -2.0211725227523241e+00
    -1.9476011244327012e+00 -1.2849755984530040e+00
    -1.9685538653025132e+00 -1.9788684152582152e+00
    -1.2682621857313869e+00 -2.5749916612311727e+00
    2.9501539656468223e-01 2.3178914883615961e-01
    -3.2765529385548831e-01 -2.8829326554283350e+00
    -7.9232045910925053e-01 -2.5809107205502735e+00
    2.7999255459747885e-01 1.7738104843837149e-01
    -2.5720183059202810e+00 2.6472904002351805e-01
    1.7904545009392528e-01 -5.4320439399780908e-02
    -2.6783207075850504e+00 -8.7126766643763717e-02
    -2.0093031369692103e+00 -2.0403019877184509e+00
    4.1453449199466991e-01 -1.9730693589213602e+00
    -2.0046981201166876e+00 2.2364042328164069e-01
    -1.9766714974105581e+00 -2.0021163767133401e+00
    2.1746742030705540e-01 -1.9792122503300829e+00
    -2.0044395515231792e+00 1.9909498224693764e-01
    -1.9777766328042385e+00 -1.9931722998503896e+00
    1.9513034578971267e-01 -2.0057279104077721e+00
    -1.9925392073420685e+00 2.0267294064587571e-01
    -2.0232768784503277e+00 -2.0192575318477699e+00
    1.8008981132457214e-01 2.0307706423166945e+00 2.3302078740900636e+00
    1.2694489096507597e-01 2.0414776943797293e+00 2.3388199380543928e+00
    9.4974887220473217e-02 2.0499025492112226e+00 2.3411020057954506e+00
    9.3684679555879183e-02 2.0456229775723305e+00 2.3355464433008666e+00
    8.6582885608480459e-02 2.0463497460618600e+00 2.3395545492426235e+00
    5.9144024345237328e-02 -2.1700904720759531e+00
    -2.0087196584606586e+00 -1.5080319863543939e-01
    -2.1720773582532158e+00 -2.0383364439037122e+00
    -1.2185311989143341e-01 -2.1538562813135025e+00
    -2.0466925656202717e+00 -8.7405663931008612e-02
    -6.0494725183676309e-02 -3.0390825144886313e+00
    -2.4701949908995219e-01 -2.1304317520858729e+00
    -2.0425297387444390e+00 -6.2541751839311280e-02
    -2.1318962881645507e+00 -2.0347923805606158e+00
    -7.0948787000149463e-02 -7.3004940132250229e-02
    -3.0180831402664081e+00 -2.4501353019134631e-01</data></R>
