<?xml version="1.0"?>
<opencv_storage>
<K type_id="opencv-matrix">
  <rows>3</rows>
  <cols>3</cols>
  <dt>d</dt>
  <data>
    1.3688180522611767e+03 0. 5.4230832102786644e+02 0.
    1.3589294381799618e+03 4.7635116425096857e+02 0. 0. 1.</data></K>
<d type_id="opencv-matrix">
  <rows>1</rows>
  <cols>5</cols>
  <dt>d</dt>
  <data>
    3.3218597395782523e-01 -1.1301157553633461e+00
    1.9403415175645270e-03 -3.0552788939020994e-02
    1.4290871544921009e+00</data></d>
<R type_id="opencv-matrix">
  <rows>44</rows>
  <cols>1</cols>
  <dt>"3d"</dt>
  <data>
    -2.2087996712863585e+00 -2.2145469867007783e+00
    -9.0244184012075995e-03 -2.2059550665976122e+00
    -2.2103089969165817e+00 2.9835760396560904e-05
    -2.2063919597995301e+00 -2.2126522982233303e+00
    5.0865867437689637e-03 -2.2125220680764848e+00
    -2.2128103814869826e+00 1.7722213956333641e-02
    -2.2105665825146579e+00 -2.2123899944079701e+00
    1.4315249058946993e-02 -2.1963899837657648e+00
    -2.2160641630774243e+00 9.2680653825263949e-03
    -2.2049100646470379e+00 -2.2230449653811419e+00
    1.1082839601065025e-02 -2.2116558246029809e+00
    -2.2270709651475680e+00 3.4286221485201829e-02
    -2.2128272194810545e+00 -2.2151167198073267e+00
    2.7791632957394979e-02 -2.2148928464864870e+00
    -2.2190004184908791e+00 3.4060785308410620e-03
    2.0168150968993008e+00 2.1401553590143809e+00
    -9.4306175549689827e-02 -2.0830437541060318e+00
    -2.1932092440767361e+00 5.7523702103590413e-01
    2.0900712382348692e+00 2.2533690249510632e+00
    -1.3184276238602949e-01 2.1199684593831503e+00
    2.2664739840275892e+00 -2.0655517028590251e-01
    2.1393107344803455e+00 2.2526787145894103e+00
    -1.9239964050132763e-01 2.1387772918097321e+00
    2.2574635372287073e+00 -1.9331918980745386e-01
    2.1412843359762737e+00 2.2482952282311297e+00
    -1.6646363976841297e-01 2.1274757481601290e+00
    2.2488195417152106e+00 -2.0068645761654386e-01
    2.1387581703937109e+00 2.2432314476434931e+00
    -2.5865878873344228e-01 -2.2105950737036231e-01
    -2.9396247798851420e+00 1.6829039198287710e-01
    -2.4024980331909479e-01 -2.9360236361700141e+00
    1.0346860684787541e-01 -2.4147847237120765e-01
    -2.9458148143318934e+00 8.7979462336929576e-02
    -2.3894095009454230e-01 -2.9388305700650874e+00
    8.9478163691595655e-02 -2.3727578589686227e-01
    -2.9324399423367837e+00 1.0539021062235240e-01
    -2.3767233449018033e-01 -2.9340559849827650e+00
    8.9264898868139278e-02 -2.2880749032508785e-01
    -2.9258181137116375e+00 8.7608870987408327e-02
    -2.4865074891269076e-01 -2.8857461933810775e+00
    9.2003505494043167e-02 -3.0590061303516453e-01
    -2.6460464349247115e+00 -2.2939039142370657e-01
    -4.2770594377017995e-01 -2.7345320089789960e+00
    -3.4472699423414738e-01 -3.4042996445455898e-01
    -2.7557095038830477e+00 -4.0198187486543002e-01
    -3.4421419028479455e-01 -2.7771637207211231e+00
    -3.9776457892958278e-01 -3.4066824384144462e-01
    -2.7690806033422235e+00 -3.4607916863551358e-01
    -3.6630773447900550e-01 -2.8047623250296332e+00
    -3.1586552792004768e-01 -3.7586711937843242e-01
    -2.7955860105132206e+00 -2.9740738881419282e-01
    -3.9243971584874215e-01 -2.8451389622579062e+00
    -2.6036376401957784e-01 -3.9283235401623484e-01
    -2.8885426935913618e+00 -3.2764572136081566e-01
    -1.9171350086369505e+00 -2.1298661545077953e+00
    2.7021202372674624e-01 4.7819104067944018e-01 2.9837325967268349e+00
    1.4883711518199691e-01 3.4280594929369740e-01 2.9607622631773158e+00
    1.8833727673455197e-01 3.1524752465712697e-01 2.9391884377834727e+00
    1.7641531617647277e-01 3.0049485904856710e-01 2.9341466157802052e+00
    1.4058942642834799e-01 2.9354885973186007e-01 2.9382737018378653e+00
    1.3271101798163004e-01 2.8919243819998458e-01 2.9576619217754154e+00
    1.2874190742526184e-01 2.8691625328320947e-01 2.9640374362597912e+00
    1.3443568543006248e-01</data></R>
<T type_id="opencv-matrix">
  <rows>44</rows>
  <cols>1</cols>
  <dt>"3d"</dt>
  <data>
    1.2047837162550590e-01 -5.6882492237079779e-02
    1.1384788736785902e+00 1.2232568506327540e-01
    -5.7122652232586911e-02 1.1356872899455903e+00
    1.2205422278321740e-01 -5.7768261686120786e-02
    1.1349372973269505e+00 1.2393699741596084e-01
    -6.0975537208183522e-02 1.1342712728956486e+00
    1.2623564144737642e-01 -6.3184021219779743e-02
    1.1287217201953412e+00 1.2318785901077935e-01
    -6.3344812632863456e-02 1.1289617280592577e+00
    1.2137838228910085e-01 -6.2270539746437613e-02
    1.1261634990821248e+00 1.2144546001219104e-01
    -6.2875015205534554e-02 1.1291314890695552e+00
    1.2387925137715840e-01 -6.4582372524045265e-02
    1.1267634405595008e+00 1.2257636235075704e-01
    -6.5831366233283256e-02 1.1235914403967342e+00
    1.2474539275780047e-01 -1.0629902736870310e-02
    1.0627268757830757e+00 1.2897975465107930e-01 5.8706860381167986e-02
    1.0744968269149884e+00 1.1846766886676995e-01 8.7549331457584104e-02
    1.0255918410873559e+00 1.1956119970128155e-01 8.9936996236868155e-02
    1.0434882287973630e+00 1.2800525642264657e-01 8.2376977641381674e-02
    1.0430903683634967e+00 1.2842996679656277e-01 7.8553055906294370e-02
    1.0422148107761424e+00 1.2610819774690563e-01 7.6178822159153212e-02
    1.0428509954298055e+00 1.2561180550707654e-01 7.5429394750322301e-02
    1.0447416942739101e+00 1.3397714063694602e-01 6.9889960946949270e-02
    1.0501773819696256e+00 3.7138448650190409e-01
    -7.8640442464616087e-02 1.0357766671281781e+00
    3.7448992567456657e-01 -9.0620966943297548e-02
    1.0285583232308539e+00 3.7123954466781717e-01
    -9.4048763453678685e-02 1.0256424471239791e+00
    3.7038387403594653e-01 -9.4889533191951980e-02
    1.0225968723231675e+00 3.7086347294642263e-01
    -9.6421862564888147e-02 1.0197783248183392e+00
    3.7123146572539500e-01 -9.7343758427255470e-02
    1.0188371002832353e+00 3.6938611320419523e-01
    -9.6125397784523545e-02 1.0202843741544128e+00
    3.7118812927717576e-01 -1.0164119840169386e-01
    1.0195408755886111e+00 3.6019701204939875e-01
    -1.1838110081866100e-01 1.0120859097754900e+00
    3.7427970402903155e-01 -2.0404273158192185e-01
    1.0691632120467254e+00 3.4571217232485496e-01
    -2.5127281882078978e-01 1.1181966135481496e+00
    3.4160561827161862e-01 -2.5834721843794162e-01
    1.1245109667991460e+00 3.4156160418972559e-01
    -2.5867119698191338e-01 1.1176259575035630e+00
    3.3956800990934494e-01 -2.5469226314074200e-01
    1.1191544926772437e+00 3.4179717120253250e-01
    -2.5488004113646684e-01 1.1202303126893403e+00
    3.4338160960066855e-01 -2.5094734182755929e-01
    1.1246433830881040e+00 3.3164607293915588e-01
    -2.4377325059553870e-01 1.1217554955535272e+00
    7.4708392388586398e-02 -9.7641922156048722e-02
    4.3058095646938815e-01 2.0120145719161545e-01
    -2.6515354095572813e-01 1.1568566176604116e+00
    1.2635058599270241e-01 -2.3646632539894677e-01
    1.1375230361409510e+00 1.1025759905978583e-01
    -2.3614530490775631e-01 1.1375402124834553e+00
    1.0079454813571298e-01 -2.3525291668596518e-01
    1.1369066568818342e+00 1.0023663538775762e-01
    -2.3179569044085110e-01 1.1387985657457516e+00
    1.0344657506734267e-01 -2.3199024986111461e-01
    1.1384565258212136e+00 1.0486815251101139e-01
    -2.3233248976371287e-01 1.1380447847701352e+00</data></T>
</opencv_storage>
